# PSUM Analysis for Input Channel 5 #
# Format: [time] -> psum for each output channel (0-7) #
#======================================================================#

Time          OC 0      OC 1      OC 2      OC 3      OC 4      OC 5      OC 6      OC 7
----------------------------------------------------------------------------------------
   0             7        91      -139        77       -28      -122       -45       -78
   1            45       112       -84       103         2       -81       -26       -23
   2            54       107       -73       101        17       -54       -12         6
   3            12        36       -37        33        -4       -34       -11       -15
   4            30        72      -125        76       -26       -71       -74       -39
   5            40        90       -98        91         5       -56       -79        12
   6            12        45       -64        47         9       -22       -51         5
   7             9        23       -32        22        -5       -23       -24        -5
