# PSUM Analysis for Input Channel 3 #
# Format: [time] -> psum for each output channel (0-7) #
#======================================================================#

Time          OC 0      OC 1      OC 2      OC 3      OC 4      OC 5      OC 6      OC 7
----------------------------------------------------------------------------------------
   0             0         0         0         0         0         0         0         0
   1             0         0         0         0         0         0         0         0
   2             0         0         0         0         0         0         0         0
   3             0         0         0         0         0         0         0         0
   4             0         0         0         0         0         0         0         0
   5             0         0         0         0         0         0         0         0
   6             0         0         0         0         0         0         0         0
   7             0         0         0         0         0         0         0         0
