#time0row7[msb-lsb],time0row6[msb-lst],....,time0row0[msb-lst]#
#time1row7[msb-lsb],time1row6[msb-lst],....,time1row0[msb-lst]#
#................#
     44      8      0      0     26      8      0     12
     90     13      0      0     33      0      0     26
     97      6      0      0     19      0      0     24
     80      0      0      0      8      0      0     28
     42      0      0      0     13     16      0      0
    105      0      0      0      0      0      0      0
    128      0      0      2      0      0      0      0
    101      0      0      2      0      0      0     13
     51      0      0     11      2     16      0      0
    111      0      0     20      0      0      0      0
    135      0      0     20      0      0      1      0
    112      0      0     15      0      0      4      2
     29      0      0     13      5     14      6      1
     60      0      0     34      0     12     21      0
     76      0      0     30      0      0     27      0
     55      0      0     17      0      0     18      0
