0000000011111
0000000001100
0000000001011
0000000000000
0000000101011
0000000000100
0000000000000
0000000000000
0000000011111
0000000000000
0000000000000
0000000000000
0000000001111
0000000000000
0000000000000
0000000000000
0000000000000
0000000000000
0000000000000
0000000000000
0000000000000
0000000000000
0000000000000
0000000000000
0000000000000
0000000000000
0000000000000
0000000000000
0000000000000
0000000000000
0000000000000
0000000000000
0000000001111
0000000010011
0000000000101
0000000011001
0000000110000
0000001000000
0000000101011
0000000111101
0000000101110
0000001000111
0000000111000
0000001000010
0000000110000
0000001001000
0000000111100
0000000110101
0000000000000
0000000000000
0000000000000
0000000000000
0000000000000
0000000000000
0000000000000
0000000000000
0000000000000
0000000000000
0000000000000
0000000000000
0000000000000
0000000000000
0000000000000
0000000000000
0000000001100
0000000011100
0000000101001
0000000010110
0000000000000
0000000000000
0000000000000
0000000000000
0000000000000
0000000000000
0000000000000
0000000000000
0000000000000
0000000000000
0000000000000
0000000000000
0000000101110
0000000111100
0000000110010
0000000101001
0000001000100
0000001011001
0000000111101
0000000111011
0000000110100
0000001001001
0000000110011
0000000101111
0000000000000
0000000000000
0000000000000
0000000010011
0000000001010
0000000000000
0000000000000
0000000000000
0000000101011
0000000100111
0000000011101
0000000000100
0000000101111
0000000111000
0000000011111
0000000000010
0000000010011
0000000011010
0000000001011
0000000000011
0000000001101
0000000101001
0000000111010
0000000110000
0000000010001
0000000111111
0000001010101
0000001001100
0000000011101
0000001000100
0000001001101
0000001000110
0000000000100
0000000011101
0000000100110
0000000101011
0000000000000
0000000000011
0000000010001
0000000001011
0000000101011
0000001011101
0000001100001
0000000110010
0000000111111
0000001101100
0000001100100
0000000101110
0000000100001
0000000111001
0000000111001
0000000010111
0000000000000
0000000000000
0000000000000
0000000000000
0000000000000
0000000000000
0000000000000
0000000000000
0000000000000
0000000000000
0000000000000
0000000000000
0000000000000
0000000000000
0000000000000
0000000000000
0000000111000
0000000011111
0000000000110
0000000000000
0000001001100
0000000101101
0000000010100
0000000000000
0000000110010
0000000011110
0000000001011
0000000000000
0000000100111
0000000011111
0000000001111
0000000000000
0000000000000
0000000000000
0000000000000
0000000000000
0000000000000
0000000000000
0000000000000
0000000000000
0000000000000
0000000000000
0000000000000
0000000000000
0000000000000
0000000000000
0000000000000
0000000000000
0000000011001
0000000111011
0000000110100
0000000101000
0000000100101
0000001000011
0000001000111
0000000100010
0000000000011
0000000010110
0000000100111
0000000001111
0000000000000
0000000000000
0000000000000
0000000000000
0000000000000
0000000000000
0000000000000
0000000000000
0000000000000
0000000000000
0000000000000
0000000000000
0000000000000
0000000000000
0000000000000
0000000000000
0000000000000
0000000000000
0000000000000
0000000000000
0000000001100
0000000100111
0000000101101
0000000100100
0000000010111
0000001000001
0000001001010
0000000101111
0000000011100
0000001000110
0000001011001
0000000110111
0000000100100
0000001000001
0000001000011
0000000011010
0000001001111
0000001010100
0000001000110
0000000011011
0000000111101
0000001000100
0000000111110
0000000011100
0000000110010
0000001001001
0000001000000
0000000010111
0000000000101
0000000010011
0000000010000
0000000000010
