#time0row7[msb-lsb],time0row6[msb-lst],....,time0row0[msb-lst]#
#time1row7[msb-lsb],time1row6[msb-lst],....,time1row0[msb-lst]#
#................#
     12      17      30       0       0      21       0      17
     36      13      49      14       0      37       0       5
     51       4      49      23       0      32       0       0
     38       0      35      20       0      30       0       0
     20      42      37       0       0      46       0      39
     61      45      59       0       0      69       0      23
     88      33      52       0       0      55       0      10
     76       7      40       0       0      60       0       0
     17      36      24       0       0      50       0      42
     59      50      48       0       0      79       0      32
     80      35      27       0       0      62       0      19
     77       8      36       0       0      72       0       0
      0       7       0       0       0      49       0      17
     15      21       0       0       0      73       0      14
     21      16       0       0       0      71       0       3
     34       7      12       0       0      65       0       0
