#row0time9[msb-lsb],row0time8[msb-lsb],....,row0time0[msb-lsb]#
#row1time10[msb-lsb],row1time9[msb-lsb],....,row1time1[msb-lsb]#
#................#
1010010000000000
0110100100000000
0001101000000000
1111100010100100
1011111001101001
0010111100011010
1111100011111000
1111111010111110
0011111100101111
0110010000000000
0001100100000000
0000011000000000
1010100001100100
0110101000011001
0001101000000110
0001010010101000
0000010101101010
0000000100011010
0000000000000000
0000000000000000
0000000000000000
0000000000000000
0000000000000000
0000000000000000
0000000000000000
0000000000000000
0000000000000000
0001010000000000
0000010100000000
0000000100000000
0101010000010100
0001010100000101
0000010100000001
0100000001010100
0001000000010101
0000010000000101
0000000000000000
0000000000000000
0000000000000000
0000000000000000
0000000000000000
0000000000000000
0000000000000000
0000000000000000
0000000000000000
0000000000000000
0000000000000000
0000000000000000
0000000000000000
0000000000000000
0000000000000000
0001010000000000
0000010100000000
0000000100000000
0000010000000000
0000000100000000
0000000000000000
0001010000000100
0000010100000001
0000000100000000
1010010000010100
0110100100000101
0001101000000001
0000000000000000
0000000000000000
0000000000000000
0000000000000000
0000000000000000
0000000000000000
0000000000000000
0000000000000000
0000000000000000
