# PSUM Analysis for Input Channel 2 #
# Format: [time] -> psum for each output channel (0-7) #
#======================================================================#

Time          OC 0      OC 1      OC 2      OC 3      OC 4      OC 5      OC 6      OC 7
----------------------------------------------------------------------------------------
   0            12        13       -19         6         4        31         6        10
   1            38         5       -11        23         6        14        18        27
   2            38        23       -42        30        11        40        21        28
   3            42         7       -40        12        11        69        13        30
   4             3         1        -7         1         0         7         2         1
   5             6        -2        -8         6         0        -5         3         4
   6            16         5       -39        20         1         6         9         9
   7            19         3       -33         6         2        35        10        10
