# PSUM Analysis for Input Channel 1 #
# Format: [time] -> psum for each output channel (0-7) #
#======================================================================#

Time          OC 0      OC 1      OC 2      OC 3      OC 4      OC 5      OC 6      OC 7
----------------------------------------------------------------------------------------
   0            -7        -7        49         0         0        49        -7         7
   1           -26       -21        81       -17       -21        52       -25         3
   2           -24       -72        82       -24       -46        43       -31       -23
   3            -7       -75        80        -7       -30        62       -17       -25
   4             0         0         0         0         0         0         0         0
   5            -1        -1         7         0         0         7        -1         1
   6            -2        -2         1        -2        -3        -2        -2        -1
   7             0        -7         7         0        -2         7        -1        -2
