#time0co7[msb-lsb],time0co6[msb-lst],....,time0col0[msb-lst]#
#time1co7[msb-lsb],time1co6[msb-lst],....,time1col0[msb-lst]#
#................#
     0     10      0     29      0      0      0      0 
    70     95      0      0      0      0      0      0 
    60     49     58      0      0      0      0      0 
    44     16     70      0      0      0      0      0 
     0      0      0     74      0      0      0      0 
    41      0      0     76      0      0      0      0 
    76     13     55      8      0      0      0      0 
    66      0     33     47      0      0      0      0 
     0    123      0     18      0      0      0      0 
    62    235      0      3      0      0      0      0 
   110    267      0      0      0      0      0      0 
    52    159      0     22      0      0      0      0 
    20     66      0    152      0      0    118      0 
    60    103      0    186      0      0     92      0 
    86    132      0    187      0      0    100      0 
    12     29      0    125      0      0     27      0 
