#time0co7[msb-lsb],time0co6[msb-lst],....,time0col0[msb-lst]#
#time1co7[msb-lsb],time1co6[msb-lst],....,time1col0[msb-lst]#
#................#
     0      8      4     27      0      0      0      0 
    75    100      0      0      0      0      0      0 
    68     49     65      0      0      0      0      0 
    50     13     64      0      0      0      0      0 
     0      0      0     76      0      0      0      0 
    52      0      0     73      0      0      0      0 
    78     29     57      7      0      0      0      0 
    61      0     23     57      0      0      0      0 
     0    132      0     26      0      0      0      0 
    62    255      0      8      0      0      0      0 
   118    275      0      0      0      0      0      0 
    54    158      0     29      0      0      0      0 
    34     62      0    162      0      0    114      0 
    76    101      0    194      0      0     88      0 
    93    135      0    190      0      0     95      0 
    12     29      0    125      0      0     27      0 
