#time0co7[msb-lsb],time0co6[msb-lst],....,time0col0[msb-lst]#
#time1co7[msb-lsb],time1co6[msb-lst],....,time1col0[msb-lst]#
#................#
     0      0      0      0      0      0      0      0 
     0      0      0      0      0      0      0      0 
     0      0      0      0      0      0      0      0 
     0      0      0      0      0      0      0      0 
     0      0      0      0      0      0      0      0 
     0      0      0      0      0      0      0      0 
     0      0      0      0      0      0      0      0 
    -5     26     -7     19    -15    -10      9    -27 
    -2      7     -1      6     -3     -2      3     -6 
     3     -2     -3     -5     -3     -2     -3     -3 
    10     -1    -13    -14    -15    -10     -9    -18 
     0      0      0      0      0      0      0      0 
     0      0      0      0      0      0      0      0 
    10     -1    -13    -14    -15    -10     -9    -18 
     4      6     -7     -6    -11      3      3    -11 
    24    -16    -24    -40    -24    -16    -24    -24 
    19     -7    -22    -29    -24    -16    -18    -27 
     0      0      0      0      0      0      0      0 
     0      0      0      0      0      0      0      0 
     0     43    -18     10    -36      7     24    -45 
    16     59    -37    -28    -71     56     51    -62 
    22     12    -25    -48    -41     45     21    -23 
    -8     28     -4     24    -12     -8     12    -24 
     0      0      0      0      0      0      0      0 
     0      0      0      0      0      0      0      0 
   -11     47    -10     37    -24    -16     18    -45 
   -12     65    -15     40    -37     -4     33    -58 
    -2     38    -15     20    -32     -2     13    -45 
   -11     47    -10     37    -24    -16     18    -45 
     0      0      0      0      0      0      0      0 
     0      0      0      0      0      0      0      0 
     0      0      0      0      0      0      0      0 
     0      0      0      0      0      0      0      0 
     0      0      0      0      0      0      0      0 
     0      0      0      0      0      0      0      0 
     0      0      0      0      0      0      0      0 
