0001
0010
0100
0010
0010
0101
0110
0011
0001
0010
0011
0010
0000
0001
0001
0001
0110
1000
0011
0001
0101
0100
0000
0000
0000
0000
0000
0000
0000
0000
0000
0000
0000
0000
0000
0000
0000
0000
0000
0000
0000
0000
0000
0000
0000
0000
0000
0000
0000
0000
0000
0000
0000
0000
0000
0000
0000
0000
0000
0000
0000
0000
0000
0000
0001
0011
0110
0101
0000
0011
1000
0110
0000
0000
0100
0100
0000
0000
0010
0001
0000
0000
0010
0001
0000
0010
0101
0010
0000
0001
0010
0000
0000
0000
0000
0000
0000
0000
0000
0000
0000
0000
0000
0000
0000
0000
0000
0000
0001
0000
0000
0000
0000
0000
0000
0000
0000
0000
0000
0000
0000
0000
0000
0000
0000
0000
0000
0000
