000000000000000
000000000000000
000000000000110
000000000010011
000000000000000
000000000000000
000000000000000
000000000001011
000000000000000
000000000000000
000000000000000
000000000000101
000000000000000
000000000000000
000000000000000
000000000000000
000000000000000
000000000000000
000000000000000
000000000000000
000000000000000
000000000000000
000000000000000
000000000000000
000000000000000
000000000000011
000000000001110
000000000011001
000000000000110
000000000001110
000000000001100
000000000010100
000000000000000
000000000001111
000000001011110
000000001101011
000000000000000
000000000101111
000000010100100
000000010100001
000000000000000
000000001000010
000000010100001
000000010000001
000000000000110
000000000011110
000000001000010
000000000110011
000000000000000
000000000000000
000000000000000
000000000000000
000000000000000
000000000000000
000000000000000
000000000000000
000000000000000
000000000000000
000000000000000
000000000000000
000000000000000
000000000000000
000000000000000
000000000000000
000000000000000
000000000000000
000000000000000
000000000000000
000000000010111
000000000000000
000000000000000
000000000000000
000000000100010
000000000011100
000000000010101
000000000000000
000000000010010
000000000011001
000000000011001
000000000000001
000000000011001
000000000010101
000000000000000
000000000000000
000000000001010
000000000000000
000000000000000
000000000000000
000000000000000
000000000000000
000000000000000
000000000000000
000000000000000
000000000000000
000000000000000
000000000000000
000000001010001
000000010000111
000000000111011
000000000000000
000000001010011
000000001100001
000000000010101
000000000000000
000000000000101
000000000000000
000000000000000
000000000000000
000000000000000
000000000000000
000000000000000
000000000000000
000000001100011
000000001010001
000000001010100
000000001000100
000000000110001
000000000100111
000000001101000
000000001110000
000000000000000
000000000000000
000000001001011
000000001011110
000000000000000
000000000000011
000000000100011
000000000101010
