#time0co7[msb-lsb],time0co6[msb-lst],....,time0col0[msb-lst]#
#time1co7[msb-lsb],time1co6[msb-lst],....,time1col0[msb-lst]#
#................#
   -21     10     -3     29    -54    -60    -43    -53 
    70     95     -7    -37    -84    -66    -77    -54 
    60     49     58    -60    -71    -69   -112    -73 
    44     16     70    -47    -56    -78    -81    -95 

   -29    -42    -17     74   -122    -74   -114   -114 
    41    -21    -37     76   -208    -90   -138   -108 
    76     13     55      8   -139   -114   -153    -68 
    66    -63     33     47    -99   -149    -53    -66 
    
    -9    123    -87     18   -184    -63    -39   -178 
    62    235   -135      3   -323   -115    -58   -191 
   110    267    -26    -45   -238   -179    -71   -157 
    52    159    -58     22   -168   -173     -8    -98 
    20     66    -82    152    -94    -30    118   -103 
    60    103   -148    186   -193    -93     92   -114 
    86    132   -103    187   -182   -145    100   -117 
    12     29    -99    125   -149   -136     27    -64 
