# Calculated psum for each kij round
# Format: kij, time, psum[0], psum[1], ..., psum[7]
#==============================================================================

# kij = 0
kij= 0 time= 0:       0       0       0       0       0       0       0       0
kij= 0 time= 1:       0       0       0       0       0       0       0       0
kij= 0 time= 2:       0       0       0       0       0       0       0       0
kij= 0 time= 3:       0       0       0       0       0       0       0       0
kij= 0 time= 4:       0       0       0       0       0       0       0       0
kij= 0 time= 5:       0       0       0       0       0       0       0       0
kij= 0 time= 6:       0       0       0       0       0       0       0       0
kij= 0 time= 7:      -4       7       1      -6      -5      -8      -7      -1
kij= 0 time= 8:     -10      13       0     -11      -4     -15      -7       4
kij= 0 time= 9:      -6       9      -1     -14      -3     -16      -9       1
kij= 0 time=10:      -2       1      -2     -11      -2     -11      -7      -2
kij= 0 time=11:       0       0       0       0       0       0       0       0
kij= 0 time=12:       0       0       0       0       0       0       0       0
kij= 0 time=13:     -11      13       2      -8      -2     -18      -7       4
kij= 0 time=14:     -13      16       2     -12      -3     -26     -10       6
kij= 0 time=15:     -14      16       2     -14      -1     -23      -8       6
kij= 0 time=16:     -10       6      -1     -19       3     -15      -9       0
kij= 0 time=17:       0       0       0       0       0       0       0       0
kij= 0 time=18:       0       0       0       0       0       0       0       0
kij= 0 time=19:     -10       6      -1     -13       8     -20      -7      -3
kij= 0 time=20:     -11       8      -3     -15       4     -27     -12       2
kij= 0 time=21:     -12       0      -4     -24       1     -32     -15      -1
kij= 0 time=22:     -10       2      -4     -28       5     -17     -11      -5
kij= 0 time=23:       0       0       0       0       0       0       0       0
kij= 0 time=24:       0       0       0       0       0       0       0       0
kij= 0 time=25:      -4       0       0     -14       2      -8      -9      -5
kij= 0 time=26:      -7      -2      -6     -25       3     -18     -10      -8
kij= 0 time=27:      -9       0      -8     -29       3     -21     -10      -6
kij= 0 time=28:      -6      -1      -6     -25       2      -9     -10      -7
kij= 0 time=29:       0       0       0       0       0       0       0       0
kij= 0 time=30:       0       0       0       0       0       0       0       0
kij= 0 time=31:       0       0       0       0       0       0       0       0
kij= 0 time=32:       0       0       0       0       0       0       0       0
kij= 0 time=33:       0       0       0       0       0       0       0       0
kij= 0 time=34:       0       0       0       0       0       0       0       0
kij= 0 time=35:       0       0       0       0       0       0       0       0

# kij = 1
kij= 1 time= 0:       0       0       0       0       0       0       0       0
kij= 1 time= 1:       0       0       0       0       0       0       0       0
kij= 1 time= 2:       0       0       0       0       0       0       0       0
kij= 1 time= 3:       0       0       0       0       0       0       0       0
kij= 1 time= 4:       0       0       0       0       0       0       0       0
kij= 1 time= 5:       0       0       0       0       0       0       0       0
kij= 1 time= 6:       0       0       0       0       0       0       0       0
kij= 1 time= 7:       2      10       5      11      -5      -6      -7       2
kij= 1 time= 8:       1      17       5       8      -3     -12      -9       3
kij= 1 time= 9:       5      13       3       7      -7     -13     -12       2
kij= 1 time=10:       4       5       2       4      -6      -8      -9       1
kij= 1 time=11:       0       0       0       0       0       0       0       0
kij= 1 time=12:       0       0       0       0       0       0       0       0
kij= 1 time=13:      -1      14       8      10       0     -14      -5       4
kij= 1 time=14:       1      19       9      13      -3     -19      -8       6
kij= 1 time=15:       1      20       7       8      -1     -17      -8       5
kij= 1 time=16:       3       9       6       1       1     -11      -8       3
kij= 1 time=17:       0       0       0       0       0       0       0       0
kij= 1 time=18:       0       0       0       0       0       0       0       0
kij= 1 time=19:       3       6       2       3       4     -14      -6       0
kij= 1 time=20:       5      10       5      10       0     -16      -7       5
kij= 1 time=21:       3       6      12       9       0     -18      -5       9
kij= 1 time=22:       8       6       4       0       3     -10      -4       5
kij= 1 time=23:       0       0       0       0       0       0       0       0
kij= 1 time=24:       0       0       0       0       0       0       0       0
kij= 1 time=25:       4       2       6       4      -1      -5      -6       2
kij= 1 time=26:       6       1       3       0       1     -13      -6       2
kij= 1 time=27:       8       4       1      -1       2     -14      -4       4
kij= 1 time=28:       8       3       2       0       1      -5      -5       3
kij= 1 time=29:       0       0       0       0       0       0       0       0
kij= 1 time=30:       0       0       0       0       0       0       0       0
kij= 1 time=31:       0       0       0       0       0       0       0       0
kij= 1 time=32:       0       0       0       0       0       0       0       0
kij= 1 time=33:       0       0       0       0       0       0       0       0
kij= 1 time=34:       0       0       0       0       0       0       0       0
kij= 1 time=35:       0       0       0       0       0       0       0       0

# kij = 2
kij= 2 time= 0:       0       0       0       0       0       0       0       0
kij= 2 time= 1:       0       0       0       0       0       0       0       0
kij= 2 time= 2:       0       0       0       0       0       0       0       0
kij= 2 time= 3:       0       0       0       0       0       0       0       0
kij= 2 time= 4:       0       0       0       0       0       0       0       0
kij= 2 time= 5:       0       0       0       0       0       0       0       0
kij= 2 time= 6:       0       0       0       0       0       0       0       0
kij= 2 time= 7:      -1       6      -5      -6       1      -9     -11      -5
kij= 2 time= 8:      -2       8      -1     -11      -2      -9     -13      -8
kij= 2 time= 9:      -1       3       0      -9      -5      -8     -15      -7
kij= 2 time=10:      -2       0       0      -5      -2      -6     -11      -4
kij= 2 time=11:       0       0       0       0       0       0       0       0
kij= 2 time=12:       0       0       0       0       0       0       0       0
kij= 2 time=13:      -1       9       4      -5       0      -7      -9      -4
kij= 2 time=14:      -1       9       5      -7      -2      -9     -12      -5
kij= 2 time=15:      -1      11       4     -11      -2      -8     -10      -7
kij= 2 time=16:      -1      10       7      -9       0      -2      -9      -4
kij= 2 time=17:       0       0       0       0       0       0       0       0
kij= 2 time=18:       0       0       0       0       0       0       0       0
kij= 2 time=19:       1       4       0      -4       2      -5      -7      -2
kij= 2 time=20:       1       3       2      -3       1      -4     -10       1
kij= 2 time=21:      -4       8      11      -3       7      -5      -8       4
kij= 2 time=22:       1      11       2     -11       5      -1      -3       2
kij= 2 time=23:       0       0       0       0       0       0       0       0
kij= 2 time=24:       0       0       0       0       0       0       0       0
kij= 2 time=25:       0       8       3      -4       3      -2      -7      -1
kij= 2 time=26:      -2       4       2      -7       4      -5      -8       1
kij= 2 time=27:      -1       4       0     -10       4      -4      -5       3
kij= 2 time=28:       0       8      -3     -11       5      -2      -6       1
kij= 2 time=29:       0       0       0       0       0       0       0       0
kij= 2 time=30:       0       0       0       0       0       0       0       0
kij= 2 time=31:       0       0       0       0       0       0       0       0
kij= 2 time=32:       0       0       0       0       0       0       0       0
kij= 2 time=33:       0       0       0       0       0       0       0       0
kij= 2 time=34:       0       0       0       0       0       0       0       0
kij= 2 time=35:       0       0       0       0       0       0       0       0

# kij = 3
kij= 3 time= 0:       0       0       0       0       0       0       0       0
kij= 3 time= 1:       0       0       0       0       0       0       0       0
kij= 3 time= 2:       0       0       0       0       0       0       0       0
kij= 3 time= 3:       0       0       0       0       0       0       0       0
kij= 3 time= 4:       0       0       0       0       0       0       0       0
kij= 3 time= 5:       0       0       0       0       0       0       0       0
kij= 3 time= 6:       0       0       0       0       0       0       0       0
kij= 3 time= 7:       0       4       2       9       9      -2       1      22
kij= 3 time= 8:       1       3       3       8      12      -6       6      29
kij= 3 time= 9:       6       3       2       2      12      -8       6      28
kij= 3 time=10:       5       1       0       1       7      -3       4      16
kij= 3 time=11:       0       0       0       0       0       0       0       0
kij= 3 time=12:       0       0       0       0       0       0       0       0
kij= 3 time=13:      -2       3       1       3      12     -12       1      30
kij= 3 time=14:       1       4       4       3      16     -17       3      39
kij= 3 time=15:       1       3       5       1      15     -15       6      35
kij= 3 time=16:       2       1      -4      -8      11     -11       3      26
kij= 3 time=17:       0       0       0       0       0       0       0       0
kij= 3 time=18:       0       0       0       0       0       0       0       0
kij= 3 time=19:      -1       2      -4     -11      12     -15       0      26
kij= 3 time=20:       2       4      -3      -6      15     -19      -2      36
kij= 3 time=21:       1       1      -7      -9      15     -18      -3      37
kij= 3 time=22:       2       3      -9     -19      14     -15      -2      31
kij= 3 time=23:       0       0       0       0       0       0       0       0
kij= 3 time=24:       0       0       0       0       0       0       0       0
kij= 3 time=25:       1       2      -5      -7       8      -7      -2      19
kij= 3 time=26:       2       1     -12     -15      12     -10      -1      27
kij= 3 time=27:       3       2     -12     -18      14     -13      -1      31
kij= 3 time=28:       2       3     -11     -12      11      -6      -2      25
kij= 3 time=29:       0       0       0       0       0       0       0       0
kij= 3 time=30:       0       0       0       0       0       0       0       0
kij= 3 time=31:       0       0       0       0       0       0       0       0
kij= 3 time=32:       0       0       0       0       0       0       0       0
kij= 3 time=33:       0       0       0       0       0       0       0       0
kij= 3 time=34:       0       0       0       0       0       0       0       0
kij= 3 time=35:       0       0       0       0       0       0       0       0

# kij = 4
kij= 4 time= 0:       0       0       0       0       0       0       0       0
kij= 4 time= 1:       0       0       0       0       0       0       0       0
kij= 4 time= 2:       0       0       0       0       0       0       0       0
kij= 4 time= 3:       0       0       0       0       0       0       0       0
kij= 4 time= 4:       0       0       0       0       0       0       0       0
kij= 4 time= 5:       0       0       0       0       0       0       0       0
kij= 4 time= 6:       0       0       0       0       0       0       0       0
kij= 4 time= 7:      -1       8       5      20      -2       4      -2      13
kij= 4 time= 8:      -2       7       4      21       2       1      -5      16
kij= 4 time= 9:       0       5       0      19      -2       1     -11      17
kij= 4 time=10:       0       3      -1      12      -4       2      -8      11
kij= 4 time=11:       0       0       0       0       0       0       0       0
kij= 4 time=12:       0       0       0       0       0       0       0       0
kij= 4 time=13:      -3       6       6      17       6       0      -3      17
kij= 4 time=14:      -1       7       6      23       5      -1      -7      22
kij= 4 time=15:      -1       7       5      19       5      -2      -7      20
kij= 4 time=16:      -2       6       0       9       3       0      -8      18
kij= 4 time=17:       0       0       0       0       0       0       0       0
kij= 4 time=18:       0       0       0       0       0       0       0       0
kij= 4 time=19:      -4       5       1       8       6      -1      -7      19
kij= 4 time=20:       0       7       1      18       5      -1      -8      23
kij= 4 time=21:       0       8       2      15       3       1      -5      26
kij= 4 time=22:       2      10      -3       6       2       0      -5      24
kij= 4 time=23:       0       0       0       0       0       0       0       0
kij= 4 time=24:       0       0       0       0       0       0       0       0
kij= 4 time=25:      -1       7       1       8      -1       3      -5      15
kij= 4 time=26:      -2       6      -4       6       1       2      -6      22
kij= 4 time=27:       1       7      -6       6       2       0      -5      24
kij= 4 time=28:       1      10      -4       8      -1       3      -3      20
kij= 4 time=29:       0       0       0       0       0       0       0       0
kij= 4 time=30:       0       0       0       0       0       0       0       0
kij= 4 time=31:       0       0       0       0       0       0       0       0
kij= 4 time=32:       0       0       0       0       0       0       0       0
kij= 4 time=33:       0       0       0       0       0       0       0       0
kij= 4 time=34:       0       0       0       0       0       0       0       0
kij= 4 time=35:       0       0       0       0       0       0       0       0

# kij = 5
kij= 5 time= 0:       0       0       0       0       0       0       0       0
kij= 5 time= 1:       0       0       0       0       0       0       0       0
kij= 5 time= 2:       0       0       0       0       0       0       0       0
kij= 5 time= 3:       0       0       0       0       0       0       0       0
kij= 5 time= 4:       0       0       0       0       0       0       0       0
kij= 5 time= 5:       0       0       0       0       0       0       0       0
kij= 5 time= 6:       0       0       0       0       0       0       0       0
kij= 5 time= 7:      -3       3       3       1       3      -7      -5       4
kij= 5 time= 8:      -4       2       6       0       5      -4      -6       3
kij= 5 time= 9:      -3      -2       8       3       2      -1      -4       0
kij= 5 time=10:      -2      -4       4       2       0      -1      -2       0
kij= 5 time=11:       0       0       0       0       0       0       0       0
kij= 5 time=12:       0       0       0       0       0       0       0       0
kij= 5 time=13:      -4       3      13       2       9      -2      -5       7
kij= 5 time=14:      -4       2      16       5       9      -2      -6       5
kij= 5 time=15:      -4       1      14       3       8      -1      -5       4
kij= 5 time=16:      -3      -3      14       0       7       3      -1       7
kij= 5 time=17:       0       0       0       0       0       0       0       0
kij= 5 time=18:       0       0       0       0       0       0       0       0
kij= 5 time=19:      -3      -6      13       1       9       2       2       9
kij= 5 time=20:      -1      -4      13       4       9       0       0       7
kij= 5 time=21:      -2      -7      17       3      12      -1      -1      13
kij= 5 time=22:       0      -7      11      -2      10       0       3      13
kij= 5 time=23:       0       0       0       0       0       0       0       0
kij= 5 time=24:       0       0       0       0       0       0       0       0
kij= 5 time=25:      -2      -2      11       1       5       0       0       8
kij= 5 time=26:      -2     -10       9      -3       9       0       2      13
kij= 5 time=27:       0     -11       6      -4      10      -1       3      13
kij= 5 time=28:       0      -6       3      -5       7      -3       2      12
kij= 5 time=29:       0       0       0       0       0       0       0       0
kij= 5 time=30:       0       0       0       0       0       0       0       0
kij= 5 time=31:       0       0       0       0       0       0       0       0
kij= 5 time=32:       0       0       0       0       0       0       0       0
kij= 5 time=33:       0       0       0       0       0       0       0       0
kij= 5 time=34:       0       0       0       0       0       0       0       0
kij= 5 time=35:       0       0       0       0       0       0       0       0

# kij = 6
kij= 6 time= 0:       0       0       0       0       0       0       0       0
kij= 6 time= 1:       0       0       0       0       0       0       0       0
kij= 6 time= 2:       0       0       0       0       0       0       0       0
kij= 6 time= 3:       0       0       0       0       0       0       0       0
kij= 6 time= 4:       0       0       0       0       0       0       0       0
kij= 6 time= 5:       0       0       0       0       0       0       0       0
kij= 6 time= 6:       0       0       0       0       0       0       0       0
kij= 6 time= 7:      11     -10      -6      -3       0     -10      -4      22
kij= 6 time= 8:      15     -19     -14      -4      -5      -8       3      27
kij= 6 time= 9:      12     -21     -21     -10      -3     -10      -1      23
kij= 6 time=10:       8     -12     -15      -6      -3      -4      -3      13
kij= 6 time=11:       0       0       0       0       0       0       0       0
kij= 6 time=12:       0       0       0       0       0       0       0       0
kij= 6 time=13:       6     -18      -9      -8      -2     -13       1      24
kij= 6 time=14:      11     -26     -15     -13      -4     -17       1      30
kij= 6 time=15:      12     -26     -17     -12      -6     -15       3      28
kij= 6 time=16:       3     -20     -21     -16      -2     -12      -2      20
kij= 6 time=17:       0       0       0       0       0       0       0       0
kij= 6 time=18:       0       0       0       0       0       0       0       0
kij= 6 time=19:      -4     -21     -20     -19       0     -19      -7      18
kij= 6 time=20:       4     -26     -21     -24       0     -21      -7      26
kij= 6 time=21:       4     -23     -18     -23      -4     -14      -8      25
kij= 6 time=22:       0     -22     -23     -29       3     -19     -10      23
kij= 6 time=23:       0       0       0       0       0       0       0       0
kij= 6 time=24:       0       0       0       0       0       0       0       0
kij= 6 time=25:      -1     -11     -13     -15       3     -14      -9      15
kij= 6 time=26:      -2     -18     -23     -20       1     -10      -9      19
kij= 6 time=27:       1     -22     -25     -25       1     -11      -8      22
kij= 6 time=28:       3     -15     -20     -21       4     -12     -10      22
kij= 6 time=29:       0       0       0       0       0       0       0       0
kij= 6 time=30:       0       0       0       0       0       0       0       0
kij= 6 time=31:       0       0       0       0       0       0       0       0
kij= 6 time=32:       0       0       0       0       0       0       0       0
kij= 6 time=33:       0       0       0       0       0       0       0       0
kij= 6 time=34:       0       0       0       0       0       0       0       0
kij= 6 time=35:       0       0       0       0       0       0       0       0

# kij = 7
kij= 7 time= 0:       0       0       0       0       0       0       0       0
kij= 7 time= 1:       0       0       0       0       0       0       0       0
kij= 7 time= 2:       0       0       0       0       0       0       0       0
kij= 7 time= 3:       0       0       0       0       0       0       0       0
kij= 7 time= 4:       0       0       0       0       0       0       0       0
kij= 7 time= 5:       0       0       0       0       0       0       0       0
kij= 7 time= 6:       0       0       0       0       0       0       0       0
kij= 7 time= 7:      12      -6       2      11      -5      -5       0      13
kij= 7 time= 8:      16     -12      -5      15      -7       1       7      12
kij= 7 time= 9:      17     -11     -10      12      -8       2       0      14
kij= 7 time=10:      11      -5      -6       9      -7       2      -3      10
kij= 7 time=11:       0       0       0       0       0       0       0       0
kij= 7 time=12:       0       0       0       0       0       0       0       0
kij= 7 time=13:      10     -13      -2      10      -3      -1       5      11
kij= 7 time=14:      18     -17      -5      13      -7       1       6      15
kij= 7 time=15:      19     -17      -7      13      -7       1       8      13
kij= 7 time=16:      10     -13     -10       6      -4      -2      -2      13
kij= 7 time=17:       0       0       0       0       0       0       0       0
kij= 7 time=18:       0       0       0       0       0       0       0       0
kij= 7 time=19:       5     -16      -8       2       0      -4      -5      13
kij= 7 time=20:      12     -19      -8       3      -5      -2      -4      18
kij= 7 time=21:      13     -15      -3       8      -9       0      -4      20
kij= 7 time=22:      12     -15      -9      -1      -3      -8      -7      21
kij= 7 time=23:       0       0       0       0       0       0       0       0
kij= 7 time=24:       0       0       0       0       0       0       0       0
kij= 7 time=25:       6      -7      -3       2      -2      -8      -9      14
kij= 7 time=26:       6     -11      -9       4      -3      -2      -8      18
kij= 7 time=27:      10     -14     -11       2      -4      -1      -5      20
kij= 7 time=28:       9     -10      -7       1      -3      -8      -8      20
kij= 7 time=29:       0       0       0       0       0       0       0       0
kij= 7 time=30:       0       0       0       0       0       0       0       0
kij= 7 time=31:       0       0       0       0       0       0       0       0
kij= 7 time=32:       0       0       0       0       0       0       0       0
kij= 7 time=33:       0       0       0       0       0       0       0       0
kij= 7 time=34:       0       0       0       0       0       0       0       0
kij= 7 time=35:       0       0       0       0       0       0       0       0

# kij = 8
kij= 8 time= 0:       0       0       0       0       0       0       0       0
kij= 8 time= 1:       0       0       0       0       0       0       0       0
kij= 8 time= 2:       0       0       0       0       0       0       0       0
kij= 8 time= 3:       0       0       0       0       0       0       0       0
kij= 8 time= 4:       0       0       0       0       0       0       0       0
kij= 8 time= 5:       0       0       0       0       0       0       0       0
kij= 8 time= 6:       0       0       0       0       0       0       0       0
kij= 8 time= 7:       3     -13      -3      -2      -4      -9       2      15
kij= 8 time= 8:       8     -19      -6      -2      -6      -3      11      13
kij= 8 time= 9:       6     -20     -10      -3      -6      -1       5       6
kij= 8 time=10:       2     -14      -9      -3      -3      -1       1       2
kij= 8 time=11:       0       0       0       0       0       0       0       0
kij= 8 time=12:       0       0       0       0       0       0       0       0
kij= 8 time=13:       3     -15       2      -3      -6      -2       8      17
kij= 8 time=14:       7     -22      -1      -4     -10      -1      11      17
kij= 8 time=15:       7     -23      -3      -5      -9      -1      14      13
kij= 8 time=16:      -5     -18      -4     -10      -4      -2       4       8
kij= 8 time=17:       0       0       0       0       0       0       0       0
kij= 8 time=18:       0       0       0       0       0       0       0       0
kij= 8 time=19:      -7     -18      -1     -10      -5       0      -1       9
kij= 8 time=20:      -2     -21      -2     -11     -11       0       0      13
kij= 8 time=21:      -8     -24      -2     -16      -8      -4       2      18
kij= 8 time=22:     -13     -22      -5     -20      -4     -11      -3      14
kij= 8 time=23:       0       0       0       0       0       0       0       0
kij= 8 time=24:       0       0       0       0       0       0       0       0
kij= 8 time=25:     -10     -12      -1     -10      -2      -8      -5      10
kij= 8 time=26:     -12     -20      -8     -15       0      -6      -5      12
kij= 8 time=27:     -10     -23     -10     -18      -2      -7      -3      13
kij= 8 time=28:     -12     -18      -8     -17      -1     -13      -6      14
kij= 8 time=29:       0       0       0       0       0       0       0       0
kij= 8 time=30:       0       0       0       0       0       0       0       0
kij= 8 time=31:       0       0       0       0       0       0       0       0
kij= 8 time=32:       0       0       0       0       0       0       0       0
kij= 8 time=33:       0       0       0       0       0       0       0       0
kij= 8 time=34:       0       0       0       0       0       0       0       0
kij= 8 time=35:       0       0       0       0       0       0       0       0
