#time0co7[msb-lsb],time0co6[msb-lst],....,time0col0[msb-lst]#
#time1co7[msb-lsb],time1co6[msb-lst],....,time1col0[msb-lst]#
#................#
     0      0      0      0      0      0      0      0 
     0      0      0      0      0      0      0      0 
     0      0      0      0      0      0      0      0 
     0      0      0      0      0      0      0      0 
     0      0      0      0      0      0      0      0 
     0      0      0      0      0      0      0      0 
     0      0      0      0      0      0      0      0 
    10     35      0    -21    -31    -25    -29    -14 
     2      7      0     -4     -7     -6     -7     -2 
     2      7      0     -5     -3     -1     -1     -6 
    10     35      0    -24    -19    -10    -11    -26 
     0      0      0      0      0      0      0      0 
     0      0      0      0      0      0      0      0 
    10     35      0    -24    -19    -10    -11    -26 
    -3     13      1     -2    -11     -5     -8     -6 
    16     56      0    -40    -24     -8     -8    -48 
    16     56      0    -39    -28    -13    -14    -44 
     0      0      0      0      0      0      0      0 
     0      0      0      0      0      0      0      0 
    -7     46      3     -8    -48    -31    -43    -12 
   -56     39     10     42    -59    -22    -49      6 
   -45      7      7     40    -17      7     -8      6 
     8     28      0    -16    -28    -24    -28     -8 
     0      0      0      0      0      0      0      0 
     0      0      0      0      0      0      0      0 
    16     56      0    -33    -52    -43    -50    -20 
     4     61      2    -22    -65    -50    -63    -14 
    11     55      3    -26    -49    -33    -42    -19 
    16     56      0    -33    -52    -43    -50    -20 
     0      0      0      0      0      0      0      0 
     0      0      0      0      0      0      0      0 
     0      0      0      0      0      0      0      0 
     0      0      0      0      0      0      0      0 
     0      0      0      0      0      0      0      0 
     0      0      0      0      0      0      0      0 
     0      0      0      0      0      0      0      0 
