#time0co7[msb-lsb],time0co6[msb-lst],....,time0col0[msb-lst]#
#time1co7[msb-lsb],time1co6[msb-lst],....,time1col0[msb-lst]#
#................#
     0      0      0      0      0      0      0      0 
     0      0      0      0      0      0      0      0 
     0      0      0      0      0      0      0      0 
     0      0      0      0      0      0      0      0 
     0      0      0      0      0      0      0      0 
     0      0      0      0      0      0      0      0 
     0      0      0      0      0      0      0      0 
    30     19     -3     15    -32    -31    -14     -6 
     7      3      0      3     -7     -7     -5     -1 
     2      7     -3      3     -4     -3      6     -2 
    15     31    -12     15    -23    -19     19     -9 
     0      0      0      0      0      0      0      0 
     0      0      0      0      0      0      0      0 
    15     31    -12     15    -23    -19     19     -9 
     9     10     -3     13    -11     -9      8     -3 
    16     56    -24     24    -32    -24     48    -16 
    21     52    -21     24    -35    -28     37    -15 
     0      0      0      0      0      0      0      0 
     0      0      0      0      0      0      0      0 
    44     25     -3     42    -46    -42     -3     -8 
    49     21      0     91    -49    -39     35     -7 
     9     10     -3     55    -11     -3     50     -3 
    28     12      0     12    -28    -28    -20     -4 
     0      0      0      0      0      0      0      0 
     0      0      0      0      0      0      0      0 
    51     28     -3     24    -53    -52    -29     -9 
    63     27      0     41    -63    -61    -31     -9 
    46     31     -4     30    -47    -45     -4    -11 
    51     28     -3     24    -53    -52    -29     -9 
     0      0      0      0      0      0      0      0 
     0      0      0      0      0      0      0      0 
     0      0      0      0      0      0      0      0 
     0      0      0      0      0      0      0      0 
     0      0      0      0      0      0      0      0 
     0      0      0      0      0      0      0      0 
     0      0      0      0      0      0      0      0 
