#time0co7[msb-lsb],time0co6[msb-lst],....,time0col0[msb-lst]#
#time1co7[msb-lsb],time1co6[msb-lst],....,time1col0[msb-lst]#
#................#
     0      0      0      0      0      0      0      0 
     0      0      0      0      0      0      0      0 
     0      0      0      0      0      0      0      0 
     0      0      0      0      0      0      0      0 
     0      0      0      0      0      0      0      0 
     0      0      0      0      0      0      0      0 
     0      0      0      0      0      0      0      0 
    23     23     -5      8     -9    -14     19    -12 
     5      4     -1      3     -2     -3      5     -3 
     3      7     -1     -4     -1     -2     -1      0 
    17     32     -5    -13     -6    -11      1     -3 
     0      0      0      0      0      0      0      0 
     0      0      0      0      0      0      0      0 
    17     32     -5    -13     -6    -11      1     -3 
    11      7     -2      0      0      2      9     -2 
    24     56     -8    -32     -8    -16     -8      0 
    26     53     -8    -25     -9    -17     -2     -3 
     0      0      0      0      0      0      0      0 
     0      0      0      0      0      0      0      0 
    42     19     -7     17     -4      1     44    -15 
    65    -12     -7     31     16     49     85    -11 
    29    -17     -2      6     18     44     39      4 
    20     16     -4     12     -8    -12     20    -12 
     0      0      0      0      0      0      0      0 
     0      0      0      0      0      0      0      0 
    38     35     -8     17    -15    -23     34    -21 
    51     28     -9     29    -12    -13     55    -25 
    39     35     -8     13     -9     -9     34    -17 
    38     35     -8     17    -15    -23     34    -21 
     0      0      0      0      0      0      0      0 
     0      0      0      0      0      0      0      0 
     0      0      0      0      0      0      0      0 
     0      0      0      0      0      0      0      0 
     0      0      0      0      0      0      0      0 
     0      0      0      0      0      0      0      0 
     0      0      0      0      0      0      0      0 
