#time0co7[msb-lsb],time0co6[msb-lst],....,time0col0[msb-lst]#
#time1co7[msb-lsb],time1co6[msb-lst],....,time1col0[msb-lst]#
#................#
     0      0      0      0      0      0      0      0 
     0      0      0      0      0      0      0      0 
     0      0      0      0      0      0      0      0 
     0      0      0      0      0      0      0      0 
     0      0      0      0      0      0      0      0 
     0      0      0      0      0      0      0      0 
     0      0      0      0      0      0      0      0 
    10     35      3    -24    -14    -17    -29    -25 
     1      7      0     -5     -3     -4     -6     -6 
     6      7      3     -4     -2     -1     -5     -1 
    25     35     12    -21    -11     -8    -26    -10 
     0      0      0      0      0      0      0      0 
     0      0      0      0      0      0      0      0 
    25     35     12    -21    -11     -8    -26    -10 
     0      7      2     -6     -7     -1    -12     -9 
    48     56     24    -32    -16     -8    -40     -8 
    43     56     21    -33    -17    -11    -41    -13 
     0      0      0      0      0      0      0      0 
     0      0      0      0      0      0      0      0 
    -9     28      0    -25    -26    -13    -44    -43 
   -63    -21    -10     -5    -41     12    -52    -62 
   -42    -35     -4     12    -19     23    -18    -21 
     4     28      0    -20    -12    -16    -24    -24 
     0      0      0      0      0      0      0      0 
     0      0      0      0      0      0      0      0 
    13     56      3    -39    -23    -29    -47    -43 
    -5     49     -2    -39    -31    -28    -56    -58 
    12     49      6    -35    -25    -18    -48    -41 
    13     56      3    -39    -23    -29    -47    -43 
     0      0      0      0      0      0      0      0 
     0      0      0      0      0      0      0      0 
     0      0      0      0      0      0      0      0 
     0      0      0      0      0      0      0      0 
     0      0      0      0      0      0      0      0 
     0      0      0      0      0      0      0      0 
     0      0      0      0      0      0      0      0 
