#time0co7[msb-lsb],time0co6[msb-lst],....,time0col0[msb-lst]#
#time1co7[msb-lsb],time1co6[msb-lst],....,time1col0[msb-lst]#
#................#
     0      0      0      0      0      0      0      0 
     0      0      0      0      0      0      0      0 
     0      0      0      0      0      0      0      0 
     0      0      0      0      0      0      0      0 
     0      0      0      0      0      0      0      0 
     0      0      0      0      0      0      0      0 
     0      0      0      0      0      0      0      0 
   -21      1    -21     28    -29    -35     -6    -18 
    -7      2     -7      7     -7     -7      0     -4 
     7     -7      7      0     -1     -7     -6     -2 
    21    -26     21      7    -11    -35    -24    -12 
     0      0      0      0      0      0      0      0 
     0      0      0      0      0      0      0      0 
    21    -26     21      7    -11    -35    -24    -12 
    -2     -5      1     10    -11     -7      1     -8 
    56    -56     56      0     -8    -56    -48    -16 
    42    -47     42      7    -14    -56    -42    -18 
     0      0      0      0      0      0      0      0 
     0      0      0      0      0      0      0      0 
   -41      5    -32     51    -52    -28     15    -32 
   -69     14    -39     79    -79     21     70    -48 
   -14     -5      7     28    -29     35     43    -20 
   -28      8    -28     28    -28    -28      0    -16 
     0      0      0      0      0      0      0      0 
     0      0      0      0      0      0      0      0 
   -42      7    -42     49    -50    -56     -6    -30 
   -67     18    -61     69    -69    -49     14    -40 
   -27     -6    -26     47    -49    -43     -1    -33 
   -42      7    -42     49    -50    -56     -6    -30 
     0      0      0      0      0      0      0      0 
     0      0      0      0      0      0      0      0 
     0      0      0      0      0      0      0      0 
     0      0      0      0      0      0      0      0 
     0      0      0      0      0      0      0      0 
     0      0      0      0      0      0      0      0 
     0      0      0      0      0      0      0      0 
