#time0co7[msb-lsb],time0co6[msb-lst],....,time0col0[msb-lst]#
#time1co7[msb-lsb],time1co6[msb-lst],....,time1col0[msb-lst]#
#................#
     0      0      0      0      0      0      0      0 
     0      0      0      0      0      0      0      0 
     0      0      0      0      0      0      0      0 
     0      0      0      0      0      0      0      0 
     0      0      0      0      0      0      0      0 
     0      0      0      0      0      0      0      0 
     0      0      0      0      0      0      0      0 
    -3      2     -9     26    -27    -33    -35    -25 
    -1      1     -4      7     -6     -7     -7     -5 
     1     -2      7     -2     -3     -5     -7     -5 
     3     -7     24     -1    -18    -27    -35    -25 
     0      0      0      0      0      0      0      0 
     0      0      0      0      0      0      0      0 
     3     -7     24     -1    -18    -27    -35    -25 
     2     -3      6      9    -10     -8    -15     -9 
     8    -16     56    -16    -24    -40    -56    -40 
     6    -13     45     -7    -27    -42    -56    -40 
     0      0      0      0      0      0      0      0 
     0      0      0      0      0      0      0      0 
     1     -2     -8     52    -42    -35    -52    -32 
    13    -13      2     89    -52     -9    -59    -25 
    14    -15     24     33    -16     16    -21     -3 
    -4      4    -16     28    -24    -28    -28    -20 
     0      0      0      0      0      0      0      0 
     0      0      0      0      0      0      0      0 
    -6      5    -21     47    -45    -54    -56    -40 
    -5      5    -30     71    -56    -55    -65    -43 
     1     -2     -6     43    -43    -44    -55    -39 
    -6      5    -21     47    -45    -54    -56    -40 
     0      0      0      0      0      0      0      0 
     0      0      0      0      0      0      0      0 
     0      0      0      0      0      0      0      0 
     0      0      0      0      0      0      0      0 
     0      0      0      0      0      0      0      0 
     0      0      0      0      0      0      0      0 
     0      0      0      0      0      0      0      0 
