#time0co7[msb-lsb],time0co6[msb-lst],....,time0col0[msb-lst]#
#time1co7[msb-lsb],time1co6[msb-lst],....,time1col0[msb-lst]#
#................#
     0      0      0      0      0      0      0      0 
     0      0      0      0      0      0      0      0 
     0      0      0      0      0      0      0      0 
     0      0      0      0      0      0      0      0 
     0      0      0      0      0      0      0      0 
     0      0      0      0      0      0      0      0 
     0      0      0      0      0      0      0      0 
    10     -2     -9     25    -25    -34    -13     -7 
     2     -1     -3      7     -7     -7     -3     -2 
     2      2      3     -3      3     -6     -1      1 
    10      7      9     -5      5    -31     -7      2 
     0      0      0      0      0      0      0      0 
     0      0      0      0      0      0      0      0 
    10      7      9     -5      5    -31     -7      2 
     7      3      0      5     -2     -9      3     -1 
    16     16     24    -24     24    -48     -8      8 
    16     13     18    -14     14    -49    -10      5 
     0      0      0      0      0      0      0      0 
     0      0      0      0      0      0      0      0 
    23      2    -15     42    -33    -36      2    -11 
    44     13    -21     59    -29     -9     49    -14 
    25     15      0     11     10     15     45     -1 
     8     -4    -12     28    -28    -28    -12     -8 
     0      0      0      0      0      0      0      0 
     0      0      0      0      0      0      0      0 
    16     -5    -18     46    -46    -55    -22    -13 
    24     -5    -27     65    -59    -55    -13    -18 
    21     -2    -12     37    -31    -46     -9    -10 
    16     -5    -18     46    -46    -55    -22    -13 
     0      0      0      0      0      0      0      0 
     0      0      0      0      0      0      0      0 
     0      0      0      0      0      0      0      0 
     0      0      0      0      0      0      0      0 
     0      0      0      0      0      0      0      0 
     0      0      0      0      0      0      0      0 
     0      0      0      0      0      0      0      0 
