#time0row7[msb-lsb],time0row6[msb-lst],....,time0row0[msb-lst]#
#time1row7[msb-lsb],time1row6[msb-lst],....,time1row0[msb-lst]#
#................#
  0   0   0   0   0   0   0   0 
  0   0   0   0   0   0   0   0 
  0   0   0   0   0   0   0   0 
  0   0   0   0   0   0   0   0 
  0   0   0   0   0   0   0   0 
  0   0   0   0   0   0   0   0 
  0   0   0   0   0   0   0   0 
  0   0   1   0   0   4   0   0 
  0   0   0   0   0   1   0   0 
  0   0   1   0   0   0   0   0 
  0   0   4   0   0   1   0   0 
  0   0   0   0   0   0   0   0 
  0   0   0   0   0   0   0   0 
  0   0   4   0   0   1   0   0 
  0   0   1   0   0   1   1   0 
  0   0   8   0   0   0   0   0 
  0   0   7   0   0   1   0   0 
  0   0   0   0   0   0   0   0 
  0   0   0   0   0   0   0   0 
  0   0   1   0   0   6   3   0 
  0   0   0   0   0   7  10   0 
  0   0   1   0   0   1   7   0 
  0   0   0   0   0   4   0   0 
  0   0   0   0   0   0   0   0 
  0   0   0   0   0   0   0   0 
  0   0   1   0   0   7   0   0 
  0   0   0   0   0   9   2   0 
  0   0   2   0   1   6   1   0 
  0   0   1   0   0   7   0   0 
  0   0   0   0   0   0   0   0 
  0   0   0   0   0   0   0   0 
  0   0   0   0   0   0   0   0 
  0   0   0   0   0   0   0   0 
  0   0   0   0   0   0   0   0 
  0   0   0   0   0   0   0   0 
  0   0   0   0   0   0   0   0 
