#time0row7[msb-lsb],time0row6[msb-lst],....,time0row0[msb-lst]#
#time1row7[msb-lsb],time1row6[msb-lst],....,time1row0[msb-lst]#
#................#
     12      17      30       0       0      21       0      17      57       0       0      15       0      45       0       0
     36      13      49      14       0      37       0       5      67      23       0      40       0      24       0       0
     51       4      49      23       0      32       0       0      58      33       0      39       0       0       0       7
     38       0      35      20       0      30       0       0      22      32       0      30       0       0       0      11
     20      42      37       0       0      46       0      39      66      20       0      36       0      69       0      19
     61      45      59       0       0      69       0      23      72      63       0      70       0      40       0      58
     88      33      52       0       0      55       0      10      70      72       0      77       0       8       0      76
     76       7      40       0       0      60       0       0      38      51       0      48       0       0       0      47
     17      36      24       0       0      50       0      42      62      34       0       7       0      52       0      35
     59      50      48       0       0      79       0      32      86      72       0      29       0      34       0      78
     80      35      27       0       0      62       0      19      78      92       0      48       0       6       0      95
     77       8      36       0       0      72       0       0      33      51       0      29       0       0       0      50
      0       7       0       0       0      49       0      17      19      37       0       0       0      38       0      21
     15      21       0       0       0      73       0      14      33      60       0       0       0      32       0      45
     21      16       0       0       0      71       0       3      21      66       0       0       0      20       0      56
     34       7      12       0       0      65       0       0       6      23       0       0       0       0       0      30
