#row0time9[msb-lsb],row0time8[msb-lsb],....,row0time0[msb-lsb]#
#row1time10[msb-lsb],row1time9[msb-lsb],....,row1time1[msb-lsb]#
#................#
0000000000000000
0000000000000000
0000000000000000
0000000000000000
0000000000000000
0000000000000000
0000000000000000
0000000000000000
0000000000000000
1110010000000000
1011100100000000
0010111000000000
1111100011100100
1111111010111001
0011111100101110
1111110011111000
1111111111111110
0011111100111111
0000000000000000
0000000000000000
0000000000000000
0000000000000000
0000000000000000
0000000000000000
0000000000000000
0000000000000000
0000000000000000
0101010000000000
0101010100000000
0001010100000000
0000000001010100
0000000001010101
0000000000010101
0000000000000000
0000000000000000
0000000000000000
1111100000000000
1011111000000000
0010111100000000
1111100011111000
1011111010111110
0010111100101111
1010010011111000
0110100110111110
0001101000101111
0101010000000000
0101010100000000
0001010100000000
0101010001010100
1001010101010101
0010010100010101
1110100001010100
1111101010010101
0011111000100101
0000010000000000
0000000100000000
0000000000000000
0000000000000100
0000000000000001
0000000000000000
0000000000000000
0100000000000000
0001000000000000
0000000000000000
0000000000000000
0000000000000000
0000000000000000
0000000000000000
0000000000000000
0000000000000000
0000000000000000
0000000000000000
