#time0co7[msb-lsb],time0co6[msb-lst],....,time0col0[msb-lst]#
#time1co7[msb-lsb],time1co6[msb-lst],....,time1col0[msb-lst]#
#................#
     0      0      0      0      0      0      0      0 
     0      0      0      0      0      0      0      0 
     0      0      0      0      0      0      0      0 
     0      0      0      0      0      0      0      0 
     0      0      0      0      0      0      0      0 
     0      0      0      0      0      0      0      0 
     0      0      0      0      0      0      0      0 
    19     12    -30     -2    -35    -34    -12    -13 
     3      4     -7      0     -7     -7     -4     -2 
     7     -4     -2     -2     -7     -6      4     -5 
    31    -12    -15     -8    -35    -31     12    -22 
     0      0      0      0      0      0      0      0 
     0      0      0      0      0      0      0      0 
    31    -12    -15     -8    -35    -31     12    -22 
    15      3     -9     -6    -17    -10      7     -8 
    56    -32    -16    -16    -56    -48     32    -40 
    52    -24    -21    -14    -56    -49     24    -37 
     0      0      0      0      0      0      0      0 
     0      0      0      0      0      0      0      0 
    40     29    -44    -14    -58    -39      1    -20 
    71     58    -49    -40    -79    -19     42    -24 
    45     21     -9    -30    -35      8     49    -14 
    12     16    -28      0    -28    -28    -16     -8 
     0      0      0      0      0      0      0      0 
     0      0      0      0      0      0      0      0 
    28     24    -51     -2    -56    -55    -24    -19 
    37     42    -63     -8    -69    -57    -22    -20 
    37     16    -42     -7    -60    -49     -5    -23 
    28     24    -51     -2    -56    -55    -24    -19 
     0      0      0      0      0      0      0      0 
     0      0      0      0      0      0      0      0 
     0      0      0      0      0      0      0      0 
     0      0      0      0      0      0      0      0 
     0      0      0      0      0      0      0      0 
     0      0      0      0      0      0      0      0 
     0      0      0      0      0      0      0      0 
