#time0row7[msb-lsb],time0row6[msb-lst],....,time0row0[msb-lst]#
#time1row7[msb-lsb],time1row6[msb-lst],....,time1row0[msb-lst]#
#................#
  0   0   0   0   0   0   0   0
  0   0   0   0   0   0   0   0
  0   0   0   0   0   0   0   0
  0   0   0   0   0   0   0   0
  0   0   0   0   0   0   0   0
  0   0   0   0   0   0   0   0
  0   0   0   0   0   0   0   0
  0   1   0   0   1   0   1   1
  0   0   0   0   1   0   2   2
  0   0   0   0   0   0   1   2
  0   0   0   0   0   0   0   1
  0   0   0   0   0   0   0   0
  0   0   0   0   0   0   0   0
  0   1   0   0   1   0   2   2
  0   1   0   0   1   0   2   3
  0   0   0   0   1   0   2   3
  0   0   0   0   0   0   1   2
  0   0   0   0   0   0   0   0
  0   0   0   0   0   0   0   0
  0   1   1   0   0   0   1   2
  0   2   1   0   0   0   1   3
  0   2   0   0   1   0   0   3
  0   1   0   0   0   0   0   3
  0   0   0   0   0   0   0   0
  0   0   0   0   0   0   0   0
  0   1   0   0   0   0   0   1
  0   1   0   0   0   0   0   2
  0   1   0   0   0   0   0   3
  0   1   0   0   0   0   0   2
  0   0   0   0   0   0   0   0
  0   0   0   0   0   0   0   0
  0   0   0   0   0   0   0   0
  0   0   0   0   0   0   0   0
  0   0   0   0   0   0   0   0
  0   0   0   0   0   0   0   0
  0   0   0   0   0   0   0   0
