#row0time9[msb-lsb],row0time8[msb-lsb],....,row0time0[msb-lsb]#
#row1time10[msb-lsb],row1time9[msb-lsb],....,row1time1[msb-lsb]#
#................#
00000000000000000000000000000000
00000000000000000000000000000000
00000000000000000000000000000000
00000000000000000000000000000000
00000000000000000000000000000000
00000000000000000000000000000000
00000000000000000000000000000000
00000000000000000000000000000000
00000000000000000000000000000000
00000000000000000000000000000000
00000000000000000000000000000000
00000000000000000000000000000000
00000001000000000000000000000000
00000000000100000000000000000000
00000000000000010000000000000000
01111010001100000000000100000000
00000111101000110000000000010000
00000000011110100000000000000001
00000001010000000000000000000000
00010000000101000000000000000000
00000001000000010000000000000000
00000001000100000000000101000000
00000000000100010001000000010100
00000000000000010000000100000001
00010110010100000000000100010000
01000001011001010000000000010001
00000100000101100000000000000001
00000000000000000000000000000000
00000000000000000000000000000000
00000000000000000000000000000000
00000000000000000000000000000000
00000000000000000000000000000000
00000000000000000000000000000000
00000000000000000000000000000000
00000000000000000000000000000000
00000000000000000000000000000000
00000000000000000000000000000000
00000000000000000000000000000000
00000000000000000000000000000000
00000000000000000000000000000000
00000000000000000000000000000000
00000000000000000000000000000000
00000000000000000000000000000000
00000000000000000000000000000000
00000000000000000000000000000000
00000000000100000000000000000000
01000000000000010000000000000000
00000100000000000000000000000000
10000001001100000000000000010000
01111000000100110100000000000001
00000111100000010000010000000000
00010000000100001000000100110000
00000001000000010111100000010011
00000000000100000000011110000001
00000000000000000000000000000000
00000000000000000000000000000000
00000000000000000000000000000000
00000000000000000000000000000000
00000000000000000000000000000000
00000000000000000000000000000000
00000000000000000000000000000000
00000000000000000000000000000000
00000000000000000000000000000000
00000000000000000000000000000000
00000000000000000000000000000000
00000000000000000000000000000000
00000000000000000000000000000000
00000000000000000000000000000000
00000000000000000000000000000000
00000000000000000000000000000000
00000000000000000000000000000000
00000000000000000000000000000000
