#time0co7[msb-lsb],time0co6[msb-lst],....,time0col0[msb-lst]#
#time1co7[msb-lsb],time1co6[msb-lst],....,time1col0[msb-lst]#
#................#
   -20      8      4     27    -57    -65    -50    -58 
    75    100    -10    -47    -90    -69    -81    -63 
    68     49     65    -65    -75    -80   -124    -81 
    50     13     64    -42    -69    -91    -84   -105 
   -22    -41    -14     76   -132    -92   -133   -127 
    52    -10    -44     73   -229   -111   -149   -120 
    78     29     57      7   -146   -128   -158    -75 
    61    -54     23     57   -110   -159    -47    -72 
   -15    132    -85     26   -194    -83    -44   -192 
    62    255   -152      8   -344   -133    -57   -205 
   118    275    -34    -42   -247   -189    -70   -162 
    54    158    -61     29   -175   -180    -11   -100 
    34     62    -79    162   -104    -47    114   -110 
    76    101   -153    194   -214   -113     88   -122 
    93    135   -103    190   -189   -152     95   -118 
    12     29    -99    125   -149   -136     27    -64 
