#row0time9[msb-lsb],row0time8[msb-lsb],....,row0time0[msb-lsb]#
#row1time10[msb-lsb],row1time9[msb-lsb],....,row1time1[msb-lsb]#
#................#
00000000000000000000000000000000
00000000000000000000000000000000
00000000000000000000000000000000
00000000000000000000000000000000
00000000000000000000000000000000
00000000000000000000000000000000
00000000000000000000000000000000
00000000000000000000000000000000
00000000000000000000000000000000
00000000000000000000000000000000
00000000000000000000000000000000
00000000000000000000000000000000
00000001000000000000000000000000
00000000000000000000000000000000
01111010001100000000000100000000
00000000000001110000000000000000
00010010000000000111101000110000
00000000011110100000000000000001
00000001010000000000000000000000
00010000000101000000000000000000
00000000000100000000000000000000
00000001000100000000000101000000
00000000000000000000000000010000
00010110010100000000000100010000
00000000010000010000000000000000
01101001011100000001011001010000
00000100000101100000000000000001
00000000000000000000000000000000
00000000000000000000000000000000
00000000000000000000000000000000
00000000000000000000000000000000
00000000000000000000000000000000
00000000000000000000000000000000
00000000000000000000000000000000
00010000000000000000000000000000
00000000000000000000000000000000
00000000000000000000000000000000
00000000000000000000000000000000
00000000000000000000000000000000
00000000000000000000000000000000
00000000000000000000000000000000
00000000000000000000000000000000
00000000000000000000000000000000
00000000000000000000000000000000
00000000000000000000000000000000
00000000000100000000000000000000
01000000000000010000000000000000
00000000010000000000000000000000
10000001001100000000000000010000
00000000011110000000000001000000
00010000000100001000000100110000
00000000000000010000000001111000
00100000000000000001000000010000
00000000000100000000011110000001
00000000000000000000000000000000
00000000000000000000000000000000
00000000000000000000000000000000
00000000000000000000000000000000
00000000000000000000000000000000
00000000000000000000000000000000
00000000000000000000000000000000
00000000000000000000000000000000
00000000000000000000000000000000
00000000000000000000000000000000
00000000000000000000000000000000
00000000000000000000000000000000
00000000000000000000000000000000
00000000000000000000000000000000
00000000000000000000000000000000
00000000000000000000000000000000
00000000000000000000000000000000
00000000000000000000000000000000
