#row0time9[msb-lsb],row0time8[msb-lsb],....,row0time0[msb-lsb]#
#row1time10[msb-lsb],row1time9[msb-lsb],....,row1time1[msb-lsb]#
#................#
  0   0   0   0   0   0   0   0
  0   0   0   0   0   0   0   0
  0   0   0   0   0   0   0   0
  0   0   0   0   0   0   0   0
  0   0   0   0   0   0   0   0
  0   0   0   0   0   0   0   0
  0   0   0   0   0   0   0   0
  0   0   0   0   0   0   0   0
  0   0   0   0   0   0   0   0

  0   0   0   0   0   0   0   0
  0   0   0   0   0   0   0   0
  0   0   0   0   0   0   0   0
  0   1   0   0   0   0   0   0
  0   0   1   0   0   0   0   0
  0   0   0   1   0   0   0   0
  7  10   3   0   0   1   0   0
  0   7  10   3   0   0   1   0
  0   0   7  10   0   0   0   1

  0   1   4   0   0   0   0   0
  1   0   1   4   0   0   0   0
  0   0   1   0   0   0   0   0
  0   1   1   0   0   1   4   0
  0   0   1   1   1   0   1   4
  0   0   0   1   0   1   0   1
  1   6   5   0   0   1   1   0
  4   1   6   5   0   0   1   1
  0   4   1   6   0   0   0   1
  
  0   0   0   0   0   0   0   0
  0   0   0   0   0   0   0   0
  0   0   0   0   0   0   0   0
  0   0   0   0   0   0   0   0
  0   0   0   0   0   0   0   0
  0   0   0   0   0   0   0   0
  0   0   0   0   0   0   0   0
  0   0   0   0   0   0   0   0
  0   0   0   0   0   0   0   0

  0   0   0   0   0   0   0   0
  0   0   0   0   0   0   0   0
  0   0   0   0   0   0   0   0
  0   0   0   0   0   0   0   0
  0   0   0   0   0   0   0   0
  0   0   0   0   0   0   0   0
  0   0   0   0   0   0   0   0
  0   0   0   0   0   0   0   0
  0   0   0   0   0   0   0   0

  0   0   1   0   0   0   0   0
  4   0   0   1   0   0   0   0
  0   0   4   0   0   0   0   0
  8   1   3   0   0   0   1   0
  7   8   1   3   4   0   0   1
  0   7   8   1   0   4   0   0
  1   0   1   0   8   1   3   0
  0   1   0   1   7   8   1   3
  0   0   1   0   0   7   8   1

  0   0   0   0   0   0   0   0
  0   0   0   0   0   0   0   0
  0   0   0   0   0   0   0   0
  0   0   0   0   0   0   0   0
  0   0   0   0   0   0   0   0
  0   0   0   0   0   0   0   0
  0   0   0   0   0   0   0   0
  0   0   0   0   0   0   0   0
  0   0   0   0   0   0   0   0

  0   0   0   0   0   0   0   0
  0   0   0   0   0   0   0   0
  0   0   0   0   0   0   0   0
  0   0   0   0   0   0   0   0
  0   0   0   0   0   0   0   0
  0   0   0   0   0   0   0   0
  0   0   0   0   0   0   0   0
  0   0   0   0   0   0   0   0
  0   0   0   0   0   0   0   0
